2.57370e+02
2.57360e+02
2.57323e+02
2.57338e+02
2.57317e+02
2.57316e+02
2.57294e+02
2.57334e+02
2.57270e+02
2.57306e+02
2.57295e+02
2.57269e+02
2.57286e+02
2.57268e+02
2.57275e+02
2.57301e+02
2.57262e+02
2.57309e+02
2.57239e+02
2.57254e+02
2.57256e+02
2.57246e+02
2.57228e+02
2.57252e+02
2.57246e+02
2.57267e+02
2.57238e+02
2.57227e+02
2.57216e+02
2.57219e+02
2.57183e+02
2.57163e+02
2.57166e+02
2.57170e+02
2.57184e+02
2.57182e+02
2.57167e+02
2.57168e+02
2.57162e+02
2.57173e+02
2.57169e+02
2.57172e+02
2.57186e+02
2.57161e+02
2.57155e+02
2.57172e+02
2.57140e+02
2.57157e+02
2.57148e+02
2.57152e+02
2.57172e+02
2.57128e+02
2.49934e+02
2.28098e+02
2.04575e+02
1.81760e+02
1.58675e+02
1.36197e+02
1.14496e+02
9.81089e+01
8.89731e+01
8.37543e+01
7.46203e+01
6.05342e+01
4.84967e+01
3.52790e+01
2.87763e+01
2.52548e+01
2.18394e+01
2.18394e+01
1.81326e+01
1.81326e+01
1.81326e+01
1.81326e+01
1.36553e+01
1.36553e+01
1.36553e+01
1.36553e+01
1.36553e+01
1.36554e+01
1.36554e+01
1.36554e+01
1.36554e+01
1.36554e+01
1.49353e+01
1.49353e+01
1.49353e+01
1.49353e+01
1.49353e+01
1.36518e+01
1.36518e+01
1.36518e+01
1.36518e+01
1.36518e+01
1.47931e+01
1.47931e+01
1.47931e+01
1.47931e+01
1.47931e+01
1.47931e+01
1.45745e+01
1.45745e+01
1.45745e+01
1.45745e+01
1.45745e+01
1.43492e+01
1.43492e+01
1.43492e+01
1.43492e+01
1.41382e+01
1.41382e+01
1.41382e+01
1.41382e+01
1.57843e+01
1.57843e+01
1.57843e+01
1.77431e+01
1.87791e+01
1.88355e+01
1.88355e+01
1.88868e+01
1.88868e+01
1.88868e+01
1.80068e+01
1.80068e+01
1.80068e+01
1.80068e+01
1.80068e+01
1.43516e+01
1.43516e+01
1.43516e+01
1.43516e+01
1.41047e+01
1.41047e+01
1.41047e+01
1.41047e+01
1.41047e+01
1.38361e+01
1.38361e+01
1.38361e+01
1.38361e+01
1.38361e+01
1.36545e+01
1.36545e+01
1.36545e+01
1.36545e+01
1.36545e+01
1.36566e+01
1.36566e+01
1.36566e+01
1.36566e+01
1.36566e+01
1.36533e+01
1.36533e+01
1.36533e+01
1.36533e+01
1.36533e+01
1.36533e+01
1.36550e+01
1.36550e+01
1.36550e+01
1.36550e+01
1.36550e+01
1.36546e+01
1.36546e+01
1.36546e+01
1.36546e+01
1.36546e+01
1.36568e+01
1.36568e+01
1.36568e+01
1.36568e+01
1.36568e+01
1.36548e+01
1.36548e+01
1.36548e+01
1.36548e+01
1.36548e+01
1.49664e+01
1.49664e+01
1.49664e+01
1.49664e+01
1.49664e+01
1.36532e+01
1.36532e+01
1.36532e+01
1.36532e+01
1.36532e+01
1.48157e+01
1.48157e+01
1.48157e+01
1.48157e+01
1.48157e+01
1.48157e+01
1.41668e+01
1.41668e+01
1.41668e+01
1.41668e+01
1.41668e+01
1.39792e+01
1.39792e+01
1.39792e+01
1.39792e+01
1.38028e+01
1.38028e+01
1.38028e+01
1.38028e+01
1.38028e+01
1.36566e+01
1.36566e+01
1.36566e+01
1.36566e+01
1.36566e+01
1.36590e+01
1.36590e+01
1.36590e+01
1.36590e+01
1.36590e+01
1.36590e+01
1.36597e+01
1.36597e+01
1.36597e+01
1.36597e+01
1.36597e+01
1.36575e+01
1.36575e+01
1.36575e+01
1.36575e+01
1.36575e+01
1.36609e+01
1.36609e+01
1.36609e+01
1.36609e+01
1.36609e+01
1.36622e+01
1.36622e+01
1.36622e+01
1.36622e+01
1.36622e+01
1.50726e+01
1.50726e+01
1.50726e+01
1.50726e+01
1.50726e+01
1.48078e+01
1.48078e+01
1.48078e+01
1.48078e+01
1.48078e+01
1.43959e+01
1.43959e+01
1.43959e+01
1.43959e+01
1.43959e+01
1.43959e+01
1.42311e+01
1.42311e+01
1.42311e+01
1.42311e+01
1.42311e+01
1.40980e+01
1.40980e+01
1.40980e+01
1.40980e+01
1.40980e+01
1.38050e+01
1.38050e+01
1.38050e+01
1.38050e+01
1.38050e+01
1.36675e+01
1.36675e+01
1.36675e+01
1.36675e+01
1.36655e+01
1.36655e+01
1.36684e+01
1.36682e+01
1.36702e+01
1.36680e+01
1.36697e+01
1.36691e+01
1.36697e+01
1.36705e+01
1.36704e+01
1.36703e+01
1.36717e+01
1.36709e+01
1.36723e+01
1.36774e+01
1.36756e+01
1.36753e+01
1.36754e+01
1.36793e+01
1.36788e+01
1.36776e+01
1.48841e+01
3.21950e+01
4.82921e+01
6.24253e+01
7.84888e+01
9.36715e+01
1.12556e+02
1.38597e+02
2.34750e+02
2.58965e+02
6.99447e+02
7.53602e+02
7.53563e+02
7.53387e+02
7.53248e+02
7.53294e+02
7.53294e+02
7.53212e+02
7.53212e+02
7.53270e+02
7.53261e+02
7.53296e+02
7.53296e+02
7.61931e+02
7.64951e+02
7.64951e+02
7.53137e+02
7.53137e+02
7.53137e+02
7.53137e+02
7.53014e+02
7.53060e+02
7.53137e+02
7.53029e+02
7.53124e+02
7.53039e+02
7.53115e+02
7.52836e+02
7.52872e+02
7.52939e+02
7.52844e+02
7.52869e+02
7.52964e+02
7.52961e+02
7.52867e+02
7.59031e+02
7.52929e+02
7.52845e+02
7.52845e+02
7.52845e+02
7.52845e+02
7.52845e+02
7.52845e+02
7.52845e+02
7.52845e+02
7.52845e+02
7.52845e+02
7.52845e+02
7.52845e+02
7.52845e+02
7.52845e+02
7.52845e+02
7.52845e+02
7.52845e+02
7.52845e+02
7.52845e+02
7.52845e+02
7.52845e+02
7.52845e+02
7.52845e+02
7.52845e+02
7.52845e+02
7.52845e+02
7.52845e+02
7.52845e+02
7.52845e+02
7.52845e+02
7.52845e+02
7.52845e+02
7.52845e+02
7.52845e+02
7.52845e+02
7.52845e+02
7.52845e+02
7.52845e+02
7.52845e+02
7.52845e+02
7.52845e+02
7.64066e+02
7.58934e+02
7.52852e+02
7.59629e+02
7.59268e+02
7.52827e+02
7.52881e+02
7.52808e+02
7.54867e+02
7.52751e+02
7.52788e+02
7.57002e+02
7.68234e+02
7.52832e+02
7.53753e+02
7.52818e+02
7.58813e+02
7.52802e+02
7.52782e+02
7.52693e+02
7.63034e+02
7.63034e+02
7.70738e+02
7.70321e+02
7.70321e+02
7.70321e+02
7.70321e+02
7.70321e+02
7.70321e+02
7.70321e+02
7.70321e+02
7.70321e+02
7.70321e+02
7.70321e+02
7.70321e+02
7.70321e+02
7.70321e+02
7.70321e+02
7.70321e+02
7.70321e+02
7.70321e+02
7.70321e+02
7.70321e+02
7.70321e+02
7.70321e+02
7.70321e+02
7.70321e+02
7.70321e+02
7.70321e+02
7.70321e+02
7.70321e+02
7.70321e+02
7.70321e+02
7.70321e+02
7.70321e+02
7.70321e+02
7.70321e+02
7.70321e+02
7.70321e+02
7.70321e+02
7.70321e+02
7.70321e+02
7.70321e+02
7.64861e+02
7.52435e+02
7.52490e+02
7.52492e+02
7.52465e+02
7.52471e+02
7.52405e+02
7.52483e+02
7.52490e+02
7.52326e+02
7.52590e+02
7.52529e+02
7.52440e+02
7.52298e+02
7.52386e+02
7.52355e+02
7.52277e+02
7.52370e+02
7.52320e+02
7.52390e+02
7.52125e+02
7.52274e+02
7.52258e+02
7.52291e+02
7.52093e+02
7.52052e+02
7.52100e+02
7.52241e+02
7.52006e+02
7.52109e+02
7.52140e+02
7.52015e+02
7.52006e+02
7.52033e+02
7.52012e+02
7.42135e+02
7.41805e+02
7.21451e+02
6.38473e+02
5.55775e+02
5.29945e+02
5.29979e+02
5.29867e+02
5.45009e+02
6.71811e+02
8.06202e+02
9.35817e+02
1.07013e+03
1.19021e+03
1.32753e+03
1.38814e+03
1.27063e+03
1.18307e+03
1.14555e+03
1.11861e+03
1.13855e+03
1.19817e+03
1.24335e+03
1.24140e+03
1.12965e+03
1.04305e+03
9.42911e+02
8.55925e+02
8.29672e+02
9.00852e+02
9.65695e+02
1.02360e+03
1.07821e+03
1.03658e+03
8.98302e+02
8.18822e+02
7.62170e+02
7.89037e+02
8.61136e+02
9.45584e+02
1.02099e+03
1.04942e+03
9.77540e+02
8.70878e+02
7.80942e+02
7.39363e+02
8.29071e+02
9.44051e+02
1.04478e+03
1.12712e+03
1.14222e+03
9.69424e+02
8.54517e+02
7.49853e+02
6.93688e+02
6.99210e+02
7.90536e+02
8.69577e+02
9.47050e+02
1.00211e+03
1.02729e+03
9.35189e+02
8.81586e+02
8.56029e+02
8.23320e+02
7.87312e+02
7.60871e+02
7.32478e+02
7.10651e+02
6.73427e+02
6.46744e+02
6.35354e+02
6.49193e+02
6.70470e+02
6.95170e+02
7.14470e+02
7.38439e+02
7.69031e+02
8.12492e+02
8.54440e+02
8.87674e+02
8.66094e+02
8.39176e+02
8.09642e+02
7.80390e+02
7.60966e+02
7.38002e+02
7.16250e+02
7.15455e+02
7.35425e+02
7.54695e+02
7.77114e+02
7.96169e+02
8.28179e+02
8.54928e+02
8.74138e+02
8.76459e+02
8.74666e+02
8.57356e+02
8.36423e+02
8.11552e+02
7.84540e+02
7.52480e+02
7.14836e+02
6.94538e+02
6.79397e+02
6.95193e+02
7.25123e+02
7.37814e+02
7.58869e+02
7.81791e+02
8.24291e+02
8.61279e+02
8.61195e+02
8.61333e+02
8.61222e+02
8.61364e+02
8.61234e+02
8.61235e+02
8.61345e+02
8.61214e+02
8.61096e+02
8.61212e+02
8.61294e+02
8.61326e+02
8.61340e+02
8.61401e+02
8.61192e+02
8.61240e+02
8.61153e+02
8.61168e+02
8.61332e+02
8.61060e+02
8.61198e+02
8.61198e+02
8.61225e+02
8.61252e+02
8.61126e+02
8.61217e+02
8.61283e+02
8.61227e+02
8.61092e+02
8.61096e+02
8.61138e+02
8.61080e+02
8.61299e+02
8.61192e+02
8.61242e+02
8.61094e+02
8.61065e+02
8.61121e+02
8.61315e+02
8.61219e+02
8.61013e+02
8.61106e+02
8.61015e+02
8.60959e+02
8.60986e+02
8.60937e+02
8.60952e+02