key,solenoid_time_us,voltage_V
 0 ,2200, 0.38
 5 ,3300, 1.07
10 ,3000, 1.07
15 ,2900, 0.90
20 ,3500, 1.29
25 ,3700, 2.53
30 ,4000, 2.89
35 ,3000, 1.87
 3 ,2300, 0.64
 8 ,3500, 1.80
13 ,2800, 1.33
18 ,2500, 2.94
23 ,2300, 1.67
28 ,5000, 2.64
33 ,4000, 3.04
 1 ,2600, 0.93
 6 ,3000, 1.65
11 ,3000, 1.80
16 ,2600, 1.77
21 ,2200, 1.68
26 ,4500, 2.60
31 ,4000, 2.98
36 ,3500, 2.16
 4 ,2300, 0.73
 9 ,4200, 1.87
14 ,3600, 2.26
19 ,3300, 1.61
24 ,4000, 3.00
29 ,6000, 2.39
34 ,3500, 1.85
 2 ,2900, 0.84
 7 ,3000, 1.38
12 ,2800, 1.65
17 ,2550, 0.59
22 ,2300, 1.45
27 ,5000, 2.34
32 ,4000, 2.97
 0 ,2200, 0.37
 5 ,3300, 1.09
10 ,3000, 1.07
15 ,2900, 0.94
20 ,3500, 1.46
25 ,3700, 2.58
30 ,4000, 2.89
35 ,3000, 2.00
 3 ,2300, 0.64
 8 ,3500, 1.75
13 ,2800, 1.33
18 ,2500, 2.90
23 ,2300, 1.65
28 ,5000, 2.63
33 ,4000, 3.03
 1 ,2600, 0.95
 6 ,3000, 1.63
11 ,3000, 1.84
16 ,2600, 1.79
21 ,2200, 1.68
26 ,4500, 2.54
31 ,4000, 2.99
36 ,3500, 2.17
 4 ,2300, 0.75
 9 ,4200, 1.85
14 ,3600, 2.24
19 ,3300, 1.53
24 ,4000, 2.99
29 ,6000, 2.40
34 ,3500, 1.84
 2 ,2900, 0.84
 7 ,3000, 1.36
12 ,2800, 1.64
17 ,2550, 0.59
22 ,2300, 1.59
27 ,5000, 2.33
32 ,4000, 2.97
 0 ,2200, 0.36
 5 ,3300, 1.09
10 ,3000, 1.06
15 ,2900, 0.94
20 ,3500, 1.51
25 ,3700, 2.59
30 ,4000, 2.89
35 ,3000, 2.08
 3 ,2300, 0.63
 8 ,3500, 1.75
13 ,2800, 1.32
18 ,2500, 2.91
23 ,2300, 1.63
28 ,5000, 2.63
33 ,4000, 3.03
 1 ,2600, 0.95
 6 ,3000, 1.65
11 ,3000, 1.83
16 ,2600, 1.78
21 ,2200, 1.67
26 ,4500, 2.59
31 ,4000, 2.98
36 ,3500, 2.16
 4 ,2300, 0.70
 9 ,4200, 1.81
14 ,3600, 2.29
19 ,3300, 1.53
24 ,4000, 2.99
29 ,6000, 2.38
34 ,3500, 1.84
 2 ,2900, 0.83
 7 ,3000, 1.37
12 ,2800, 1.64
17 ,2550, 0.61
22 ,2300, 1.58
27 ,5000, 2.34
32 ,4000, 2.97
 0 ,2200, 0.37
 5 ,3300, 1.09
10 ,3000, 1.08
15 ,2900, 0.88
20 ,3500, 1.46
25 ,3700, 2.64
30 ,4000, 2.89
35 ,3000, 1.78
 3 ,2300, 0.65
 8 ,3500, 1.77
13 ,2800, 1.34
18 ,2500, 2.90
23 ,2300, 1.63
28 ,5000, 2.63
33 ,4000, 3.03
 1 ,2600, 0.94
 6 ,3000, 1.62
11 ,3000, 1.82
16 ,2600, 1.73
21 ,2200, 1.68
26 ,4500, 2.54
31 ,4000, 2.98
36 ,3500, 2.15
 4 ,2300, 0.74
 9 ,4200, 1.84
14 ,3600, 2.31
19 ,3300, 1.52
24 ,4000, 2.99
29 ,6000, 2.56
34 ,3500, 1.99
 2 ,2900, 0.82
 7 ,3000, 1.36
12 ,2800, 1.64
17 ,2550, 0.64
22 ,2300, 1.44
27 ,5000, 2.36
32 ,4000, 2.97
 0 ,2200, 0.37
 5 ,3300, 1.10
10 ,3000, 1.08
15 ,2900, 0.91
20 ,3500, 1.49
25 ,3700, 2.62
30 ,4000, 2.89
35 ,3000, 1.97
 3 ,2300, 0.64
 8 ,3500, 1.77
13 ,2800, 1.34
18 ,2500, 2.89
23 ,2300, 1.63
28 ,5000, 2.63
33 ,4000, 3.04
 1 ,2600, 0.96
 6 ,3000, 1.65
11 ,3000, 1.83
16 ,2600, 1.77
21 ,2200, 1.66
26 ,4500, 2.57
31 ,4000, 2.98
36 ,3500, 2.15
 4 ,2300, 0.71
 9 ,4200, 1.85
14 ,3600, 2.32
19 ,3300, 1.49
24 ,4000, 2.99
29 ,6000, 2.56
34 ,3500, 1.78
 2 ,2900, 0.84
 7 ,3000, 1.36
12 ,2800, 1.63
17 ,2550, 0.60
22 ,2300, 1.43
27 ,5000, 2.32
32 ,4000, 2.97
 0 ,2200, 0.37
 5 ,3300, 1.10
10 ,3000, 1.07
15 ,2900, 0.93
20 ,3500, 1.49
25 ,3700, 2.70
30 ,4000, 2.89
35 ,3000, 2.08
 3 ,2300, 0.64
 8 ,3500, 1.77
13 ,2800, 1.34
18 ,2500, 2.91
23 ,2300, 1.61
28 ,5000, 2.63
33 ,4000, 3.04
 1 ,2600, 0.94
 6 ,3000, 1.66
11 ,3000, 1.77
16 ,2600, 1.77
21 ,2200, 1.65
26 ,4500, 2.55
31 ,4000, 2.98
36 ,3500, 2.15
 4 ,2300, 0.74
 9 ,4200, 1.84
14 ,3600, 2.29
19 ,3300, 1.52
24 ,4000, 2.99
29 ,6000, 2.52
34 ,3500, 1.78
 2 ,2900, 0.84
 7 ,3000, 1.35
12 ,2800, 1.63
17 ,2550, 0.60
22 ,2300, 1.52
27 ,5000, 2.33
32 ,4000, 2.97
 0 ,2200, 0.37
 5 ,3300, 1.12
10 ,3000, 1.07
15 ,2900, 0.94
20 ,3500, 1.50
25 ,3700, 2.69
30 ,4000, 2.89
35 ,3000, 2.08
 3 ,2300, 0.63
 8 ,3500, 1.72
13 ,2800, 1.34
18 ,2500, 2.89
23 ,2300, 1.65
28 ,5000, 2.64
33 ,4000, 3.04
 1 ,2600, 0.94
 6 ,3000, 1.65
11 ,3000, 1.79
16 ,2600, 1.75
21 ,2200, 1.68
26 ,4500, 2.55
31 ,4000, 2.98
36 ,3500, 2.16
 4 ,2300, 0.73
 9 ,4200, 1.84
14 ,3600, 2.30
19 ,3300, 1.51
24 ,4000, 2.99
29 ,6000, 2.51
34 ,3500, 1.83
 2 ,2900, 0.84
 7 ,3000, 1.36
12 ,2800, 1.67
17 ,2550, 0.64
22 ,2300, 1.47
27 ,5000, 2.35
32 ,4000, 2.96
 0 ,2200, 0.37
 5 ,3300, 1.12
10 ,3000, 1.07
15 ,2900, 0.93
20 ,3500, 1.39
25 ,3700, 2.68
30 ,4000, 2.89
35 ,3000, 1.84
 3 ,2300, 0.64
 8 ,3500, 1.73
13 ,2800, 1.33
18 ,2500, 2.88
23 ,2300, 1.64
28 ,5000, 2.63
33 ,4000, 3.03
 1 ,2600, 0.95
 6 ,3000, 1.63
11 ,3000, 1.83
16 ,2600, 1.78
21 ,2200, 1.66
26 ,4500, 2.57
31 ,4000, 2.98
36 ,3500, 2.15
 4 ,2300, 0.74
 9 ,4200, 1.83
14 ,3600, 2.34
19 ,3300, 1.51
24 ,4000, 2.99
29 ,6000, 2.49
34 ,3500, 1.83
 2 ,2900, 0.84
 7 ,3000, 1.36
12 ,2800, 1.62
17 ,2550, 0.59
22 ,2300, 1.41
27 ,5000, 2.35
32 ,4000, 2.97
 0 ,2200, 0.37
 5 ,3300, 1.11
10 ,3000, 1.08
15 ,2900, 0.91
20 ,3500, 1.44
25 ,3700, 2.60
30 ,4000, 2.89
35 ,3000, 2.06
 3 ,2300, 0.64
 8 ,3500, 1.76
13 ,2800, 1.31
18 ,2500, 2.92
23 ,2300, 1.63
28 ,5000, 2.63
33 ,4000, 3.03
 1 ,2600, 0.95
 6 ,3000, 1.66
11 ,3000, 1.79
16 ,2600, 1.76
21 ,2200, 1.68
26 ,4500, 2.54
31 ,4000, 2.99
36 ,3500, 2.15
 4 ,2300, 0.71
 9 ,4200, 1.85
14 ,3600, 2.32
19 ,3300, 1.51
24 ,4000, 2.99
29 ,6000, 2.41
34 ,3500, 1.74
 2 ,2900, 0.83
 7 ,3000, 1.37
12 ,2800, 1.66
17 ,2550, 0.62
22 ,2300, 1.59
27 ,5000, 2.32
32 ,4000, 2.97
 0 ,2200, 0.37
 5 ,3300, 1.11
10 ,3000, 1.07
15 ,2900, 0.92
20 ,3500, 1.44
25 ,3700, 2.61
30 ,4000, 2.89
35 ,3000, 2.05
 3 ,2300, 0.65
 8 ,3500, 1.70
13 ,2800, 1.35
18 ,2500, 2.87
23 ,2300, 1.63
28 ,5000, 2.63
33 ,4000, 3.04
 1 ,2600, 0.94
 6 ,3000, 1.62
11 ,3000, 1.81
16 ,2600, 1.72
21 ,2200, 1.65
26 ,4500, 2.55
31 ,4000, 2.98
36 ,3500, 2.15
 4 ,2300, 0.74
 9 ,4200, 1.82
14 ,3600, 2.37
19 ,3300, 1.48
24 ,4000, 3.00
29 ,6000, 2.55
34 ,3500, 1.83
 2 ,2900, 0.83
 7 ,3000, 1.36
12 ,2800, 1.63
17 ,2550, 0.59
22 ,2300, 1.56
27 ,5000, 2.34
32 ,4000, 2.97
