cal_cycle,key,solenoid_time_us,voltage_V
 0,  0 ,2822, 1.05
 0,  5 ,3231, 1.02
 0, 10 ,2962, 1.03
 0, 15 ,2990, 1.03
 0, 20 ,3286, 1.00
 0, 25 ,3172, 1.13
 0, 30 ,3009, 1.17
 0, 35 ,2729, 1.08
 0,  3 ,2710, 0.99
 0,  8 ,3102, 1.06
 0, 13 ,2606, 1.04
 0, 18 ,1917, 0.90
 0, 23 ,2179, 0.99
 0, 28 ,4222, 1.16
 0, 33 ,3069, 1.27
 0,  1 ,2618, 1.03
 0,  6 ,2419, 1.04
 0, 11 ,2481, 1.01
 0, 16 ,2227, 1.00
 0, 21 ,1994, 1.01
 0, 26 ,3641, 1.12
 0, 31 ,3242, 1.34
 0, 36 ,3004, 1.12
 0,  4 ,2499, 1.03
 0,  9 ,3581, 1.06
 0, 14 ,2993, 1.04
 0, 19 ,3066, 1.07
 0, 24 ,2669, 1.31
 0, 29 ,4817, 1.48
 0, 34 ,3428, 1.00
 0,  2 ,3009, 0.99
 0,  7 ,2674, 1.04
 0, 12 ,2309, 1.00
 0, 17 ,2854, 0.97
 0, 22 ,2174, 0.96
 0, 27 ,4149, 1.15
 0, 32 ,2618, 1.13
 1,  0 ,2786, 0.98
 1,  5 ,3226, 1.01
 1, 10 ,2956, 1.00
 1, 15 ,2984, 0.98
 1, 20 ,3286, 1.02
 1, 25 ,3151, 0.99
 1, 30 ,2983, 1.15
 1, 35 ,2718, 1.10
 1,  3 ,2713, 0.98
 1,  8 ,3087, 0.97
 1, 13 ,2598, 1.04
 1, 18 ,1935, 1.09
 1, 23 ,2180, 1.00
 1, 28 ,4198, 1.00
 1, 33 ,3029, 1.08
 1,  1 ,2601, 0.99
 1,  6 ,2407, 1.00
 1, 11 ,2479, 1.01
 1, 16 ,2227, 1.01
 1, 21 ,1993, 0.99
 1, 26 ,3622, 1.07
 1, 31 ,3191, 1.10
 1, 36 ,2986, 1.07
 1,  4 ,2490, 1.00
 1,  9 ,3567, 0.99
 1, 14 ,2985, 1.05
 1, 19 ,3053, 1.01
 1, 24 ,2618, 0.65
 1, 29 ,4742, 1.14
 1, 34 ,3428, 1.01
 1,  2 ,3012, 1.00
 1,  7 ,2662, 1.02
 1, 12 ,2308, 1.03
 1, 17 ,2859, 0.91
 1, 22 ,2180, 1.00
 1, 27 ,4126, 1.08
 1, 32 ,2599, 0.96
 2,  0 ,2798, 0.99
 2,  5 ,3223, 1.00
 2, 10 ,2956, 1.00
 2, 15 ,2988, 0.96
 2, 20 ,3283, 0.91
 2, 25 ,3152, 0.94
 2, 30 ,2961, 1.00
 2, 35 ,2703, 1.03
 2,  3 ,2720, 1.00
 2,  8 ,3094, 0.99
 2, 13 ,2591, 1.04
 2, 18 ,1920, 0.99
 2, 23 ,2180, 1.00
 2, 28 ,4198, 0.93
 2, 33 ,3017, 0.95
 2,  1 ,2608, 0.99
 2,  6 ,2407, 0.99
 2, 11 ,2478, 1.06
 2, 16 ,2225, 0.98
 2, 21 ,1994, 0.96
 2, 26 ,3611, 1.01
 2, 31 ,3176, 0.95
 2, 36 ,2977, 0.95
 2,  4 ,2491, 0.98
 2,  9 ,3568, 1.03
 2, 14 ,2976, 1.03
 2, 19 ,3052, 1.01
 2, 24 ,2675, 1.12
 2, 29 ,4720, 1.12
 2, 34 ,3428, 1.00
 2,  2 ,3010, 0.99
 2,  7 ,2658, 1.00
 2, 12 ,2301, 1.03
 2, 17 ,2875, 0.92
 2, 22 ,2180, 1.05
 2, 27 ,4113, 1.01
 2, 32 ,2605, 0.96
 3,  0 ,2805, 1.00
 3,  5 ,3223, 0.99
 3, 10 ,2956, 0.99
 3, 15 ,2995, 0.98
 3, 20 ,3298, 0.95
 3, 25 ,3161, 0.98
 3, 30 ,2961, 0.95
 3, 35 ,2699, 0.95
 3,  3 ,2720, 0.99
 3,  8 ,3096, 0.99
 3, 13 ,2584, 1.03
 3, 18 ,1922, 1.01
 3, 23 ,2180, 1.00
 3, 28 ,4208, 0.98
 3, 33 ,3024, 0.86
 3,  1 ,2613, 0.99
 3,  6 ,2409, 1.00
 3, 11 ,2466, 1.03
 3, 16 ,2228, 1.03
 3, 21 ,2000, 1.01
 3, 26 ,3610, 0.99
 3, 31 ,3184, 0.92
 3, 36 ,2984, 1.01
 3,  4 ,2497, 1.01
 3,  9 ,3561, 0.96
 3, 14 ,2970, 1.02
 3, 19 ,3051, 1.01
 3, 24 ,2655, 0.65
 3, 29 ,4702, 0.96
 3, 34 ,3428, 1.00
 3,  2 ,3014, 0.99
 3,  7 ,2659, 1.00
 3, 12 ,2296, 0.83
 3, 17 ,2889, 0.93
 3, 22 ,2172, 0.94
 3, 27 ,4111, 0.99
 3, 32 ,2610, 0.96
 4,  0 ,2806, 0.99
 4,  5 ,3226, 0.99
 4, 10 ,2957, 1.00
 4, 15 ,2999, 0.97
 4, 20 ,3307, 0.88
 4, 25 ,3164, 1.03
 4, 30 ,2968, 0.95
 4, 35 ,2705, 0.90
 4,  3 ,2723, 0.99
 4,  8 ,3098, 1.02
 4, 13 ,2578, 0.98
 4, 18 ,1921, 1.00
 4, 23 ,2180, 0.98
 4, 28 ,4210, 0.97
 4, 33 ,3044, 0.94
 4,  1 ,2616, 1.01
 4,  6 ,2409, 0.98
 4, 11 ,2460, 0.97
 4, 16 ,2222, 0.98
 4, 21 ,1998, 1.00
 4, 26 ,3610, 1.05
 4, 31 ,3196, 0.89
 4, 36 ,2983, 0.99
 4,  4 ,2494, 0.98
 4,  9 ,3571, 1.02
 4, 14 ,2966, 1.03
 4, 19 ,3050, 1.01
 4, 24 ,2712, 1.45
 4, 29 ,4708, 0.95
 4, 34 ,3428, 1.00
 4,  2 ,3017, 1.01
 4,  7 ,2659, 0.99
 4, 12 ,2334, 1.04
 4, 17 ,2902, 0.96
 4, 22 ,2182, 1.01
 4, 27 ,4112, 1.04
 4, 32 ,2615, 1.00
 5,  0 ,2813, 1.00
 5,  5 ,3227, 1.00
 5, 10 ,2957, 0.99
 5, 15 ,3004, 0.99
 5, 20 ,3328, 1.07
 5, 25 ,3160, 0.93
 5, 30 ,2975, 0.92
 5, 35 ,2720, 0.95
 5,  3 ,2728, 1.00
 5,  8 ,3094, 0.97
 5, 13 ,2581, 0.95
 5, 18 ,1921, 1.00
 5, 23 ,2182, 1.00
 5, 28 ,4214, 1.04
 5, 33 ,3052, 0.92
 5,  1 ,2613, 0.99
 5,  6 ,2413, 0.99
 5, 11 ,2467, 1.06
 5, 16 ,2225, 1.02
 5, 21 ,1998, 1.01
 5, 26 ,3602, 1.00
 5, 31 ,3212, 0.90
 5, 36 ,2984, 0.95
 5,  4 ,2501, 1.01
 5,  9 ,3566, 1.04
 5, 14 ,2961, 1.02
 5, 19 ,3049, 1.00
 5, 24 ,2638, 0.43
 5, 29 ,4715, 0.92
 5, 34 ,3428, 0.98
 5,  2 ,3013, 0.99
 5,  7 ,2660, 1.00
 5, 12 ,2325, 1.13
 5, 17 ,2909, 1.10
 5, 22 ,2181, 1.04
 5, 27 ,4107, 1.03
 5, 32 ,2615, 0.99
 6,  0 ,2811, 1.00
 6,  5 ,3227, 1.00
 6, 10 ,2958, 0.99
 6, 15 ,3005, 0.99
 6, 20 ,3315, 0.82
 6, 25 ,3171, 0.98
 6, 30 ,2986, 0.92
 6, 35 ,2726, 1.02
 6,  3 ,2729, 1.00
 6,  8 ,3101, 0.98
 6, 13 ,2590, 0.98
 6, 18 ,1921, 0.99
 6, 23 ,2182, 1.02
 6, 28 ,4209, 0.94
 6, 33 ,3063, 0.94
 6,  1 ,2616, 1.00
 6,  6 ,2414, 0.99
 6, 11 ,2453, 1.02
 6, 16 ,2222, 0.98
 6, 21 ,1997, 1.01
 6, 26 ,3602, 1.00
 6, 31 ,3228, 0.95
 6, 36 ,2991, 0.99
 6,  4 ,2498, 0.98
 6,  9 ,3558, 1.01
 6, 14 ,2957, 1.01
 6, 19 ,3049, 1.00
 6, 24 ,2732, 1.56
 6, 29 ,4728, 1.03
 6, 34 ,3430, 0.94
 6,  2 ,3015, 1.00
 6,  7 ,2660, 1.00
 6, 12 ,2297, 1.03
 6, 17 ,2890, 1.02
 6, 22 ,2175, 0.97
 6, 27 ,4103, 0.99
 6, 32 ,2616, 0.96
 7,  0 ,2811, 1.00
 7,  5 ,3227, 1.00
 7, 10 ,2959, 0.99
 7, 15 ,3006, 1.00
 7, 20 ,3346, 1.05
 7, 25 ,3174, 1.02
 7, 30 ,2997, 0.96
 7, 35 ,2724, 1.12
 7,  3 ,2729, 1.00
 7,  8 ,3105, 1.01
 7, 13 ,2593, 1.01
 7, 18 ,1923, 0.99
 7, 23 ,2179, 1.01
 7, 28 ,4218, 1.03
 7, 33 ,3071, 0.96
 7,  1 ,2616, 1.00
 7,  6 ,2417, 1.00
 7, 11 ,2449, 0.94
 7, 16 ,2225, 1.00
 7, 21 ,1996, 1.00
 7, 26 ,3602, 0.99
 7, 31 ,3235, 0.99
 7, 36 ,2991, 1.00
 7,  4 ,2504, 1.01
 7,  9 ,3556, 1.01
 7, 14 ,2956, 1.03
 7, 19 ,3049, 0.97
 7, 24 ,2639, 0.64
 7, 29 ,4724, 1.01
 7, 34 ,3439, 0.94
 7,  2 ,3015, 1.00
 7,  7 ,2660, 1.00
 7, 12 ,2290, 0.80
 7, 17 ,2886, 0.93
 7, 22 ,2180, 1.12
 7, 27 ,4104, 1.00
 7, 32 ,2621, 1.01
 8,  0 ,2811, 1.00
 8,  5 ,3227, 0.99
 8, 10 ,2961, 1.00
 8, 15 ,3006, 1.00
 8, 20 ,3337, 1.18
 8, 25 ,3171, 1.08
 8, 30 ,3002, 0.97
 8, 35 ,2707, 0.87
 8,  3 ,2729, 1.00
 8,  8 ,3102, 0.99
 8, 13 ,2591, 0.98
 8, 18 ,1925, 1.00
 8, 23 ,2178, 0.99
 8, 28 ,4214, 1.00
 8, 33 ,3076, 0.98
 8,  1 ,2614, 1.00
 8,  6 ,2417, 0.99
 8, 11 ,2462, 1.02
 8, 16 ,2225, 1.01
 8, 21 ,1996, 1.01
 8, 26 ,3603, 1.03
 8, 31 ,3236, 0.98
 8, 36 ,2991, 0.98
 8,  4 ,2500, 0.97
 8,  9 ,3555, 0.99
 8, 14 ,2950, 1.01
 8, 19 ,3053, 0.97
 8, 24 ,2699, 1.42
 8, 29 ,4724, 0.96
 8, 34 ,3448, 0.97
 8,  2 ,3015, 0.99
 8,  7 ,2660, 1.00
 8, 12 ,2334, 1.06
 8, 17 ,2899, 0.95
 8, 22 ,2161, 0.89
 8, 27 ,4104, 0.97
 8, 32 ,2619, 0.98
 9,  0 ,2812, 1.00
 9,  5 ,3229, 1.00
 9, 10 ,2961, 1.00
 9, 15 ,3006, 1.01
 9, 20 ,3306, 1.11
 9, 25 ,3159, 0.95
 9, 30 ,3006, 0.97
 9, 35 ,2725, 1.03
 9,  3 ,2729, 1.00
 9,  8 ,3104, 1.03
 9, 13 ,2594, 0.98
 9, 18 ,1925, 0.99
 9, 23 ,2179, 0.99
 9, 28 ,4214, 1.02
 9, 33 ,3078, 1.12
 9,  1 ,2614, 1.00
 9,  6 ,2421, 1.00
 9, 11 ,2458, 0.99
 9, 16 ,2224, 1.00
 9, 21 ,1995, 1.00
 9, 26 ,3599, 1.00
 9, 31 ,3238, 1.01
 9, 36 ,2993, 0.98
 9,  4 ,2509, 1.02
 9,  9 ,3556, 0.95
 9, 14 ,2948, 1.01
 9, 19 ,3057, 1.01
 9, 24 ,2630, 0.50
 9, 29 ,4730, 0.95
 9, 34 ,3452, 1.00
 9,  2 ,3020, 1.00
 9,  7 ,2660, 1.00
 9, 12 ,2321, 1.15
 9, 17 ,2909, 0.96
 9, 22 ,2180, 1.08
 9, 27 ,4108, 1.02
 9, 32 ,2622, 1.01
