intensity, key 0, key 1, key 2, key 3, key 4, key 5, key 6, key 7, key 8, key 9, key 10, key 11, key 12, key 13, key 14, key 15, key 16, key 17, key 18, key 19, key 20, key 21, key 22, key 23, key 24, key 25, key 26, key 27, key 28, key 29, key 30, key 31, key 32, key 33, key 34, key 35, key 36
1000, 0.00, 0.00, 0.00, 0.00, 0.04, 0.00, 0.00, 0.00, 0.00, 0.00, 0.00, 0.00, 0.00, 0.00, 0.34, 0.00, 0.04, 0.13, 0.00, 0.00, 0.00, 0.31, 0.00, 0.17, 0.00, 0.02, 0.00, 0.00, 0.00, 0.00, 0.00, 0.00, 0.03, 0.15, 0.00, 0.11, 0.00
1100, 0.00, 0.00, 0.00, 0.00, 0.04, 0.00, 0.00, 0.00, 0.00, 0.00, 0.00, 0.00, 0.00, 0.00, 0.35, 0.00, 0.04, 0.13, 0.00, 0.00, 0.00, 0.31, 0.00, 0.17, 0.00, 0.02, 0.00, 0.00, 0.00, 0.00, 0.00, 0.00, 0.02, 0.14, 0.00, 0.11, 0.00
1200, 0.00, 0.00, 0.00, 0.00, 0.04, 0.00, 0.00, 0.00, 0.00, 0.00, 0.00, 0.00, 0.00, 0.00, 0.35, 0.00, 0.04, 0.15, 0.00, 0.00, 0.00, 0.30, 0.00, 0.17, 0.00, 0.02, 0.00, 0.00, 0.00, 0.00, 0.00, 0.00, 0.02, 0.14, 0.00, 0.12, 0.00
1300, 0.00, 0.00, 0.00, 0.00, 0.05, 0.00, 0.00, 0.00, 0.00, 0.00, 0.00, 0.00, 0.00, 0.00, 0.35, 0.00, 0.05, 0.18, 0.00, 0.00, 0.00, 0.30, 0.00, 0.17, 0.00, 0.02, 0.00, 0.00, 0.00, 0.00, 0.00, 0.00, 0.02, 0.14, 0.00, 0.12, 0.00
1400, 0.00, 0.00, 0.00, 0.00, 0.04, 0.00, 0.00, 0.00, 0.00, 0.00, 0.00, 0.00, 0.00, 0.00, 0.35, 0.00, 0.05, 0.22, 0.00, 0.00, 0.00, 0.31, 0.00, 0.17, 0.00, 0.02, 0.00, 0.00, 0.00, 0.00, 0.00, 0.00, 0.02, 0.15, 0.00, 0.13, 0.00
1500, 0.00, 0.00, 0.00, 0.04, 0.05, 0.00, 0.00, 0.00, 0.00, 0.00, 0.00, 0.00, 0.00, 0.00, 0.35, 0.00, 0.06, 0.24, 0.00, 0.00, 0.00, 0.31, 0.00, 0.17, 0.00, 0.02, 0.00, 0.00, 0.00, 0.00, 0.00, 0.00, 0.02, 0.15, 0.00, 0.13, 0.00
1600, 0.00, 0.00, 0.00, 0.12, 0.05, 0.00, 0.05, 0.00, 0.00, 0.00, 0.00, 0.00, 0.00, 0.00, 0.34, 0.00, 0.06, 0.25, 0.00, 0.00, 0.00, 0.31, 0.00, 0.17, 0.00, 0.03, 0.00, 0.00, 0.00, 0.00, 0.00, 0.00, 0.03, 0.14, 0.00, 0.14, 0.00
1700, 0.00, 0.00, 0.00, 0.18, 0.06, 0.00, 0.11, 0.00, 0.00, 0.00, 0.00, 0.00, 0.02, 0.00, 0.35, 0.00, 0.05, 0.28, 0.00, 0.00, 0.00, 0.30, 0.00, 0.17, 0.00, 0.02, 0.00, 0.00, 0.00, 0.00, 0.00, 0.00, 0.03, 0.15, 0.00, 0.15, 0.00
1800, 0.00, 0.00, 0.00, 0.26, 0.12, 0.00, 0.17, 0.00, 0.00, 0.00, 0.00, 0.03, 0.09, 0.00, 0.38, 0.00, 0.04, 0.31, 0.49, 0.00, 0.00, 0.67, 0.00, 0.17, 0.00, 0.02, 0.00, 0.00, 0.00, 0.00, 0.00, 0.00, 0.03, 0.15, 0.00, 0.15, 0.00
1900, 0.06, 0.08, 0.00, 0.33, 0.28, 0.00, 0.26, 0.02, 0.00, 0.00, 0.00, 0.17, 0.17, 0.00, 0.40, 0.00, 0.22, 0.34, 1.00, 0.00, 0.00, 1.00, 0.17, 0.18, 0.00, 0.03, 0.00, 0.00, 0.00, 0.00, 0.00, 0.00, 0.03, 0.15, 0.00, 0.16, 0.00
2000, 0.20, 0.24, 0.00, 0.40, 0.42, 0.00, 0.39, 0.22, 0.00, 0.00, 0.00, 0.32, 0.29, 0.01, 0.41, 0.00, 0.48, 0.38, 1.35, 0.00, 0.02, 1.23, 0.47, 0.59, 0.00, 0.03, 0.00, 0.00, 0.00, 0.00, 0.00, 0.00, 0.03, 0.15, 0.00, 0.16, 0.00
2100, 0.33, 0.35, 0.08, 0.47, 0.54, 0.06, 0.58, 0.39, 0.02, 0.00, 0.03, 0.54, 0.37, 0.11, 0.45, 0.00, 0.75, 0.44, 1.78, 0.00, 0.06, 1.46, 0.96, 1.02, 0.00, 0.03, 0.00, 0.00, 0.00, 0.00, 0.00, 0.00, 0.03, 0.15, 0.00, 0.17, 0.00
2200, 0.44, 0.48, 0.21, 0.55, 0.61, 0.13, 0.72, 0.49, 0.11, 0.00, 0.20, 0.69, 0.71, 0.24, 0.48, 0.00, 1.04, 0.45, 2.08, 0.02, 0.10, 1.66, 1.15, 1.33, 0.00, 0.03, 0.00, 0.00, 0.00, 0.00, 0.00, 0.00, 0.03, 0.15, 0.00, 0.17, 0.00
2300, 0.51, 0.61, 0.32, 0.64, 0.71, 0.22, 0.84, 0.63, 0.18, 0.00, 0.34, 0.87, 0.92, 0.52, 0.55, 0.01, 1.22, 0.50, 2.33, 0.04, 0.13, 1.83, 1.54, 1.62, 0.00, 0.03, 0.00, 0.00, 0.00, 0.00, 0.00, 0.00, 0.03, 0.15, 0.00, 0.21, 0.00
2400, 0.58, 0.73, 0.41, 0.71, 0.83, 0.32, 0.98, 0.71, 0.26, 0.00, 0.44, 1.03, 0.93, 0.64, 0.62, 0.25, 1.44, 0.56, 2.59, 0.06, 0.18, 2.01, 1.69, 1.85, 0.00, 0.03, 0.00, 0.00, 0.00, 0.00, 0.00, 0.00, 0.03, 0.14, 0.00, 0.32, 0.00
2500, 0.67, 0.84, 0.48, 0.80, 0.90, 0.40, 1.09, 0.83, 0.33, 0.00, 0.55, 1.15, 1.28, 0.83, 0.67, 0.39, 1.58, 0.64, 2.86, 0.09, 0.24, 2.22, 1.90, 2.08, 0.45, 0.03, 0.00, 0.00, 0.00, 0.00, 0.00, 0.00, 0.50, 0.15, 0.00, 0.47, 0.00
2600, 0.74, 0.98, 0.58, 0.88, 1.02, 0.48, 1.16, 0.93, 0.41, 0.00, 0.64, 1.26, 1.42, 0.97, 0.73, 0.56, 1.76, 0.64, 3.01, 0.13, 0.28, 2.39, 2.26, 2.31, 0.45, 0.04, 0.00, 0.00, 0.00, 0.00, 0.00, 0.00, 0.94, 0.15, 0.00, 0.78, 0.07
2700, 0.84, 1.07, 0.66, 0.97, 1.11, 0.56, 1.33, 1.04, 0.48, 0.00, 0.73, 1.44, 1.42, 1.12, 0.79, 0.69, 1.91, 0.72, 3.03, 0.22, 0.34, 2.54, 2.48, 2.53, 0.65, 0.16, 0.00, 0.00, 0.00, 0.00, 0.00, 0.00, 1.31, 0.15, 0.00, 1.02, 0.25
2800, 0.94, 1.21, 0.72, 1.03, 1.23, 0.62, 1.45, 1.12, 0.57, 0.01, 0.83, 1.53, 1.68, 1.33, 0.86, 0.81, 2.09, 0.75, 3.04, 0.43, 0.39, 2.70, 2.70, 2.74, 1.69, 0.23, 0.00, 0.00, 0.00, 0.00, 0.43, 0.00, 1.67, 0.15, 0.00, 1.30, 0.44
2900, 1.03, 1.31, 0.81, 1.11, 1.31, 0.71, 1.54, 1.22, 0.67, 0.04, 0.94, 1.67, 1.88, 1.52, 0.94, 0.94, 2.30, 0.79, 3.04, 0.63, 0.44, 2.89, 2.88, 2.89, 1.47, 0.29, 0.00, 0.00, 0.00, 0.00, 0.79, 0.07, 1.98, 0.41, 0.00, 1.62, 0.74
3000, 1.13, 1.41, 0.90, 1.20, 1.40, 0.80, 1.65, 1.32, 0.81, 0.12, 1.05, 1.81, 2.10, 1.69, 1.04, 1.05, 2.49, 0.87, 3.04, 0.84, 0.51, 3.02, 2.88, 2.89, 2.27, 0.54, 0.00, 0.00, 0.00, 0.00, 1.04, 0.13, 2.31, 0.79, 0.01, 1.70, 1.05
3100, 1.22, 1.50, 0.99, 1.27, 1.47, 0.90, 1.73, 1.43, 0.94, 0.26, 1.16, 1.88, 2.16, 1.88, 1.22, 1.17, 2.68, 1.30, 3.04, 1.05, 0.65, 3.03, 2.88, 2.89, 2.39, 0.76, 0.00, 0.00, 0.00, 0.00, 1.30, 0.47, 2.60, 1.24, 0.33, 2.34, 1.25
3200, 1.33, 1.58, 1.05, 1.33, 1.56, 1.02, 1.84, 1.55, 1.14, 0.37, 1.27, 1.99, 2.22, 2.03, 1.51, 1.28, 2.81, 1.03, 3.04, 1.25, 0.82, 3.03, 2.88, 2.89, 2.54, 1.03, 0.00, 0.00, 0.00, 0.00, 1.51, 0.78, 2.89, 1.48, 0.75, 2.43, 1.47
3300, 1.41, 1.67, 1.16, 1.32, 1.62, 1.13, 1.89, 1.64, 1.38, 0.54, 1.38, 2.08, 2.31, 2.16, 1.71, 1.40, 2.94, 1.48, 3.04, 1.46, 1.05, 3.03, 2.88, 2.89, 2.99, 1.30, 0.27, 0.00, 0.00, 0.00, 1.70, 1.08, 2.95, 1.87, 1.15, 2.87, 1.82
3400, 1.50, 1.74, 1.25, 1.34, 1.69, 1.24, 1.96, 1.75, 1.59, 0.70, 1.50, 2.17, 2.36, 2.28, 1.97, 1.55, 2.95, 1.37, 3.04, 1.64, 1.20, 3.03, 2.88, 2.89, 2.99, 1.63, 0.57, 0.00, 0.00, 0.00, 1.89, 1.48, 2.98, 2.14, 1.45, 2.98, 1.98
3500, 1.60, 1.82, 1.34, 1.16, 1.76, 1.35, 2.00, 1.84, 1.76, 0.91, 1.60, 2.18, 2.42, 2.41, 2.10, 1.65, 2.95, 1.72, 3.04, 1.83, 1.44, 3.03, 2.88, 2.89, 3.00, 1.96, 0.76, 0.04, 0.00, 0.02, 2.07, 1.81, 2.97, 2.39, 1.71, 2.98, 2.21
3600, 1.67, 2.01, 1.41, 0.94, 1.84, 1.46, 2.04, 1.94, 1.91, 1.03, 1.71, 2.17, 2.49, 2.53, 2.30, 1.78, 2.95, 1.52, 3.04, 1.95, 1.60, 3.03, 2.88, 2.89, 2.99, 2.28, 0.98, 0.19, 0.00, 0.04, 2.27, 2.13, 2.97, 2.67, 2.06, 2.98, 2.29
3700, 1.77, 2.13, 1.51, 0.96, 1.90, 1.57, 2.04, 2.02, 2.10, 1.17, 1.81, 2.13, 2.57, 2.60, 2.47, 1.89, 2.95, 1.82, 3.04, 2.10, 1.71, 3.03, 2.88, 2.89, 2.99, 2.64, 1.12, 0.36, 0.00, 0.07, 2.47, 2.54, 2.96, 2.96, 2.35, 2.98, 2.35
3800, 1.85, 2.08, 1.59, 0.98, 1.95, 1.68, 2.03, 2.12, 2.28, 1.31, 1.91, 2.00, 2.61, 2.62, 2.61, 2.00, 2.95, 1.77, 3.04, 2.27, 1.84, 3.03, 2.88, 2.89, 2.99, 2.87, 1.31, 0.55, 0.00, 0.08, 2.66, 2.84, 2.98, 3.02, 2.62, 2.98, 2.76
3900, 1.91, 2.08, 1.69, 1.14, 1.95, 1.77, 1.95, 2.18, 2.44, 1.44, 2.05, 1.86, 2.62, 2.69, 2.68, 2.10, 2.95, 1.73, 3.04, 2.32, 1.87, 3.03, 2.88, 2.89, 2.99, 3.01, 1.50, 0.64, 0.16, 0.10, 2.88, 2.95, 2.96, 3.02, 2.83, 2.99, 2.84
4000, 1.99, 2.10, 1.77, 1.27, 1.95, 1.84, 1.81, 2.17, 2.60, 1.57, 2.15, 1.61, 2.61, 2.73, 2.75, 2.21, 2.95, 1.50, 3.04, 2.36, 2.06, 3.03, 2.88, 2.89, 2.99, 3.01, 1.66, 0.83, 0.37, 0.13, 2.89, 2.98, 2.96, 3.04, 3.01, 3.00, 3.05
4100, 1.95, 2.06, 1.87, 1.29, 1.80, 1.89, 1.61, 2.22, 2.74, 1.69, 2.23, 1.55, 2.55, 2.76, 2.76, 2.31, 2.95, 1.60, 3.04, 2.49, 2.02, 3.03, 2.88, 2.89, 2.99, 3.01, 1.87, 1.02, 0.61, 0.16, 2.88, 2.98, 2.96, 3.04, 3.03, 3.00, 3.05
4200, 1.78, 1.68, 1.93, 1.29, 1.59, 1.92, 1.63, 2.14, 2.87, 1.82, 2.23, 1.50, 2.47, 2.77, 2.81, 2.40, 2.95, 1.53, 3.04, 2.51, 2.01, 3.03, 2.88, 2.89, 2.99, 3.01, 2.02, 1.15, 0.93, 0.17, 2.88, 2.97, 2.96, 3.03, 3.03, 3.00, 3.05
4300, 1.59, 1.48, 1.98, 1.25, 1.47, 1.94, 1.66, 1.92, 2.89, 1.93, 2.20, 1.45, 2.42, 2.77, 2.84, 2.47, 2.95, 1.55, 3.02, 2.49, 1.99, 3.03, 2.88, 2.89, 2.99, 3.01, 2.19, 1.27, 1.14, 0.34, 2.88, 2.97, 2.97, 3.03, 3.02, 3.00, 3.05
4400, 1.43, 1.49, 1.99, 1.19, 1.68, 1.93, 1.67, 1.64, 2.89, 2.06, 2.10, 1.42, 2.33, 2.76, 2.85, 2.54, 2.95, 1.44, 3.04, 2.36, 1.89, 3.03, 2.88, 2.88, 2.99, 3.01, 2.35, 1.43, 1.38, 0.44, 2.88, 2.97, 2.97, 3.03, 3.02, 3.00, 3.05
4500, 1.37, 1.60, 1.98, 1.14, 1.91, 1.89, 1.67, 1.60, 2.89, 2.18, 1.91, 1.39, 2.25, 2.67, 2.81, 2.53, 2.95, 1.25, 3.04, 2.21, 2.00, 3.03, 2.88, 2.88, 2.99, 3.01, 2.51, 1.60, 1.58, 0.63, 2.88, 2.97, 2.98, 3.02, 3.02, 3.00, 3.06
4600, 1.50, 1.75, 1.81, 1.11, 1.92, 1.73, 1.65, 1.66, 2.89, 2.30, 1.71, 1.37, 2.23, 2.57, 2.75, 2.51, 2.94, 1.43, 3.04, 2.15, 1.68, 3.03, 2.88, 2.88, 2.99, 3.01, 2.62, 1.70, 1.87, 1.03, 2.88, 2.97, 2.98, 3.02, 3.02, 3.00, 3.06
4700, 1.75, 1.96, 1.42, 1.09, 1.92, 1.60, 1.64, 1.70, 2.90, 2.37, 1.69, 1.36, 2.17, 2.54, 2.74, 2.41, 2.94, 1.59, 3.04, 2.08, 1.75, 3.03, 2.88, 2.89, 2.99, 3.01, 2.62, 1.82, 2.13, 0.94, 2.88, 2.97, 2.98, 3.03, 3.02, 3.00, 3.07
4800, 1.86, 1.94, 1.44, 1.07, 1.92, 1.50, 1.59, 1.84, 2.90, 2.41, 1.68, 1.35, 2.15, 2.51, 2.69, 2.27, 2.93, 1.68, 3.04, 2.03, 1.85, 3.03, 2.55, 2.89, 2.99, 3.01, 2.62, 2.00, 2.37, 1.15, 2.88, 2.97, 2.98, 3.04, 3.02, 3.00, 3.06
4900, 1.88, 1.93, 1.55, 1.03, 1.92, 1.54, 1.56, 1.88, 2.90, 2.44, 1.67, 1.35, 2.14, 2.43, 2.63, 2.10, 2.92, 1.54, 3.04, 2.01, 1.74, 3.03, 2.04, 2.89, 2.99, 3.01, 2.62, 2.16, 2.54, 1.32, 2.88, 2.97, 2.98, 3.04, 3.02, 3.00, 3.07
5000, 1.94, 1.92, 1.81, 0.98, 1.91, 1.58, 1.55, 1.88, 2.89, 2.45, 1.65, 1.16, 2.14, 2.38, 2.59, 2.01, 2.86, 1.53, 2.72, 1.95, 1.79, 3.03, 2.88, 2.88, 2.99, 3.02, 2.62, 2.30, 2.63, 1.47, 2.87, 2.97, 2.99, 3.04, 3.01, 3.00, 3.07
5100, 1.98, 1.88, 1.90, 0.94, 1.89, 1.59, 1.51, 1.89, 2.89, 2.44, 1.62, 1.10, 2.14, 2.37, 2.56, 1.97, 2.79, 1.39, 2.31, 1.87, 1.64, 2.98, 1.98, 2.88, 2.99, 3.02, 2.62, 2.42, 2.63, 1.66, 2.88, 2.97, 2.99, 3.04, 3.02, 2.99, 3.07
5200, 1.89, 1.79, 1.90, 0.88, 1.83, 1.60, 1.52, 1.88, 2.88, 2.40, 1.60, 1.07, 2.13, 2.34, 2.53, 1.91, 2.78, 1.29, 2.88, 1.83, 1.67, 2.71, 1.98, 2.88, 2.99, 3.02, 2.62, 2.50, 2.63, 1.88, 2.88, 2.97, 2.99, 3.05, 3.02, 2.99, 3.07
5300, 1.81, 1.62, 1.90, 0.85, 1.81, 1.60, 1.49, 1.85, 2.69, 2.37, 1.59, 1.08, 2.12, 2.34, 2.58, 1.86, 2.79, 1.32, 2.96, 1.81, 1.62, 2.20, 2.02, 2.46, 2.99, 3.02, 2.62, 2.54, 2.63, 1.93, 2.88, 2.97, 2.98, 3.05, 3.03, 2.99, 3.06
5400, 1.71, 1.58, 1.90, 0.83, 1.78, 1.60, 1.44, 1.81, 2.53, 2.26, 1.55, 1.26, 2.12, 2.37, 2.53, 1.82, 2.74, 1.34, 2.86, 1.79, 1.54, 2.48, 2.10, 2.88, 2.98, 3.02, 2.62, 2.54, 2.62, 2.06, 2.88, 2.97, 2.69, 3.05, 3.03, 3.00, 3.07
5500, 1.67, 1.57, 1.82, 0.80, 1.78, 1.59, 1.37, 1.75, 2.39, 2.15, 1.54, 1.42, 2.12, 2.32, 2.52, 1.80, 2.59, 1.41, 2.59, 1.74, 1.52, 2.71, 2.25, 2.12, 2.97, 3.02, 2.61, 2.55, 2.63, 2.24, 2.88, 2.97, 2.99, 3.04, 3.03, 3.00, 3.07
5600, 1.71, 1.57, 1.73, 0.78, 1.73, 1.55, 1.21, 1.76, 2.29, 2.06, 1.53, 1.39, 2.11, 2.30, 2.45, 1.81, 2.62, 1.41, 2.38, 1.72, 1.39, 2.97, 2.38, 2.52, 2.93, 3.01, 2.62, 2.55, 2.62, 2.27, 2.87, 2.96, 2.96, 3.05, 3.03, 3.00, 3.07
5700, 1.63, 1.56, 1.74, 0.79, 1.67, 1.50, 1.32, 1.75, 2.26, 2.02, 1.53, 1.44, 2.09, 2.22, 2.37, 1.79, 2.28, 1.37, 2.17, 1.67, 1.37, 2.90, 2.07, 2.78, 2.64, 3.01, 2.61, 2.55, 2.62, 2.38, 2.87, 2.96, 2.99, 3.05, 3.03, 2.99, 3.07
5800, 1.61, 1.56, 1.74, 0.79, 1.64, 1.47, 1.33, 1.73, 2.25, 1.99, 1.46, 1.49, 2.08, 2.18, 2.30, 1.80, 2.19, 1.37, 2.17, 1.64, 1.30, 2.88, 1.99, 2.71, 2.21, 3.01, 2.62, 2.55, 2.62, 2.43, 2.88, 2.96, 2.52, 3.04, 3.03, 2.99, 3.07
5900, 1.51, 1.55, 1.69, 0.80, 1.58, 1.44, 1.36, 1.54, 2.24, 1.92, 1.53, 1.54, 2.03, 2.07, 2.26, 1.76, 2.16, 1.38, 2.09, 1.61, 1.34, 2.76, 1.95, 2.51, 2.16, 3.02, 2.62, 2.55, 2.62, 2.54, 2.50, 2.72, 2.01, 3.05, 3.02, 3.00, 3.07
6000, 1.47, 1.55, 1.64, 0.79, 1.56, 1.43, 1.39, 1.54, 2.22, 1.87, 1.44, 1.58, 2.02, 2.03, 2.16, 1.63, 2.10, 1.38, 2.08, 1.58, 1.31, 2.57, 1.90, 2.42, 2.16, 3.02, 2.61, 2.55, 2.62, 2.40, 2.87, 2.96, 2.17, 3.04, 3.02, 3.00, 3.07